Mtx: 
1398.31 0.00 649.65
0.00 1431.61 374.85
0.00 0.00 1.00
Revcs: 
[array([[-0.05511678],
       [ 0.0447213 ],
       [ 0.00109745]]), array([[-0.04068035],
       [-0.03279552],
       [-0.0290334 ]]), array([[-0.03857552],
       [ 0.10898271],
       [-0.05141297]]), array([[ 0.20132468],
       [-0.02618971],
       [ 0.00550715]]), array([[-0.1961914 ],
       [-0.01829459],
       [-0.00140588]]), array([[ 0.08615772],
       [-0.4177202 ],
       [-0.14402228]]), array([[ 0.02617419],
       [ 0.1704351 ],
       [-0.04807997]]), array([[-0.0438206 ],
       [-0.10503056],
       [-0.06258143]]), array([[ 0.01313608],
       [-0.05711607],
       [-0.08988771]]), array([[ 0.01650115],
       [-0.05593722],
       [-0.05968708]]), array([[-0.32555027],
       [-0.08576305],
       [-0.06619804]]), array([[ 0.12830323],
       [ 0.25488853],
       [-0.03306208]]), array([[-0.15042125],
       [-0.41631845],
       [ 0.01146323]]), array([[-0.22083972],
       [ 0.04843722],
       [-0.03121773]]), array([[0.20683241],
       [0.24019573],
       [0.0162593 ]]), array([[ 0.05732908],
       [ 0.19805286],
       [-0.06857823]]), array([[-0.54381839],
       [ 0.0588358 ],
       [ 0.06557931]]), array([[ 0.41312228],
       [ 0.20264067],
       [-0.14601244]]), array([[-0.02307705],
       [-0.38069577],
       [-0.01281453]]), array([[-0.09568591],
       [ 0.09016543],
       [ 0.00716591]])]
Tvecs: 
[array([[-4.99086882],
       [-2.93294013],
       [21.26634009]]), array([[-6.3230594 ],
       [-2.42019067],
       [25.62933944]]), array([[-4.65443582],
       [-2.31507897],
       [16.38652673]]), array([[-3.35644266],
       [-1.93956303],
       [16.6324788 ]]), array([[-5.69200104],
       [-3.7757996 ],
       [20.69695889]]), array([[-3.88090256],
       [-1.62736742],
       [19.5512034 ]]), array([[-7.49074921],
       [-2.620075  ],
       [20.08581076]]), array([[-6.87024882],
       [-3.47829409],
       [28.96708847]]), array([[-5.16317573],
       [-3.05448285],
       [21.48955087]]), array([[-6.79837237],
       [-1.98647169],
       [20.8172473 ]]), array([[-2.56495665],
       [-3.1285483 ],
       [26.26008406]]), array([[-3.17318042],
       [-0.98436263],
       [22.93262104]]), array([[-2.49424523],
       [-1.77682521],
       [21.58552786]]), array([[-4.44880069],
       [-5.46919909],
       [28.53970879]]), array([[-2.65973856],
       [-2.60263465],
       [18.23122359]]), array([[-7.86859295],
       [-2.49588584],
       [22.49795796]]), array([[-4.25685965],
       [-2.63291344],
       [17.65228812]]), array([[-4.18473427],
       [-1.56036122],
       [15.08918345]]), array([[-5.0840985 ],
       [-1.8905008 ],
       [17.09519025]]), array([[-6.2122184 ],
       [-1.8125723 ],
       [33.47281959]])]
Dist: 
[[-8.85446494e-03 -2.18737507e-01  1.07378179e-03  2.59987022e-03
   1.11213479e+00]]
